0 48 64 66 196 37 105 94 52 42 113 137 199 115 83 204 102 119 84 85 34 51 73 101 146 158 59 91 180 167 121 26 
48 0 44 92 176 63 85 120 32 68 139 117 179 141 109 184 128 145 64 65 44 31 53 81 126 138 85 71 160 147 101 52 
64 44 0 108 148 79 57 136 34 84 155 89 151 157 125 156 144 161 36 37 60 23 25 53 98 110 101 43 132 119 73 68 
66 92 108 0 240 45 149 44 96 36 63 181 243 65 33 248 52 69 128 129 78 95 117 145 190 202 29 135 224 211 165 52 
196 176 148 240 0 211 101 268 166 216 287 75 27 289 257 22 276 293 142 133 192 155 143 123 60 54 233 129 30 47 87 200 
37 63 79 45 211 0 120 73 67 21 92 152 214 94 62 219 81 98 99 100 49 66 88 116 161 173 38 106 195 182 136 23 
105 85 57 149 101 120 0 177 75 125 196 42 104 198 166 109 185 202 51 42 101 64 52 32 51 63 142 38 85 72 26 109 
94 120 136 44 268 73 177 0 124 64 43 209 271 45 31 276 32 49 156 157 106 123 145 173 218 230 57 163 252 239 193 80 
52 32 34 96 166 67 75 124 0 72 143 107 169 145 113 174 132 149 54 55 48 21 43 71 116 128 89 61 150 137 91 56 
42 68 84 36 216 21 125 64 72 0 83 157 219 85 53 224 72 89 104 105 54 71 93 121 166 178 29 111 200 187 141 28 
113 139 155 63 287 92 196 43 143 83 0 228 290 32 50 295 37 36 175 176 125 142 164 192 237 249 76 182 271 258 212 99 
137 117 89 181 75 152 42 209 107 157 228 0 78 230 198 83 217 234 83 74 133 96 84 64 25 37 174 70 59 46 28 141 
199 179 151 243 27 214 104 271 169 219 290 78 0 292 260 35 279 296 145 136 195 158 146 126 63 57 236 132 33 50 90 203 
115 141 157 65 289 94 198 45 145 85 32 230 292 0 52 297 39 14 177 178 127 144 166 194 239 251 78 184 273 260 214 101 
83 109 125 33 257 62 166 31 113 53 50 198 260 52 0 265 39 56 145 146 95 112 134 162 207 219 46 152 241 228 182 69 
204 184 156 248 22 219 109 276 174 224 295 83 35 297 265 0 284 301 150 141 200 163 151 131 68 62 241 137 38 55 95 208 
102 128 144 52 276 81 185 32 132 72 37 217 279 39 39 284 0 43 164 165 114 131 153 181 226 238 65 171 260 247 201 88 
119 145 161 69 293 98 202 49 149 89 36 234 296 14 56 301 43 0 181 182 131 148 170 198 243 255 82 188 277 264 218 105 
84 64 36 128 142 99 51 156 54 104 175 83 145 177 145 150 164 181 0 31 80 43 31 47 92 104 121 37 126 113 67 88 
85 65 37 129 133 100 42 157 55 105 176 74 136 178 146 141 165 182 31 0 81 44 32 38 83 95 122 28 117 104 58 89 
34 44 60 78 192 49 101 106 48 54 125 133 195 127 95 200 114 131 80 81 0 47 69 97 142 154 71 87 176 163 117 38 
51 31 23 95 155 66 64 123 21 71 142 96 158 144 112 163 131 148 43 44 47 0 32 60 105 117 88 50 139 126 80 55 
73 53 25 117 143 88 52 145 43 93 164 84 146 166 134 151 153 170 31 32 69 32 0 48 93 105 110 38 127 114 68 77 
101 81 53 145 123 116 32 173 71 121 192 64 126 194 162 131 181 198 47 38 97 60 48 0 73 85 138 34 107 94 48 105 
146 126 98 190 60 161 51 218 116 166 237 25 63 239 207 68 226 243 92 83 142 105 93 73 0 22 183 79 44 31 37 150 
158 138 110 202 54 173 63 230 128 178 249 37 57 251 219 62 238 255 104 95 154 117 105 85 22 0 195 91 38 25 49 162 
59 85 101 29 233 38 142 57 89 29 76 174 236 78 46 241 65 82 121 122 71 88 110 138 183 195 0 128 217 204 158 45 
91 71 43 135 129 106 38 163 61 111 182 70 132 184 152 137 171 188 37 28 87 50 38 34 79 91 128 0 113 100 54 95 
180 160 132 224 30 195 85 252 150 200 271 59 33 273 241 38 260 277 126 117 176 139 127 107 44 38 217 113 0 31 71 184 
167 147 119 211 47 182 72 239 137 187 258 46 50 260 228 55 247 264 113 104 163 126 114 94 31 25 204 100 31 0 58 171 
121 101 73 165 87 136 26 193 91 141 212 28 90 214 182 95 201 218 67 58 117 80 68 48 37 49 158 54 71 58 0 125 
26 52 68 52 200 23 109 80 56 28 99 141 203 101 69 208 88 105 88 89 38 55 77 105 150 162 45 95 184 171 125 0 
0 48 64 66 196 37 105 94 52 42 113 137 199 115 83 204 102 119 84 85 34 51 73 101 146 158 59 91 180 167 121 26 
48 0 44 92 176 63 85 120 32 68 139 117 179 141 109 184 128 145 64 65 44 31 53 81 126 138 85 71 160 147 101 52 
64 44 0 108 148 79 57 136 34 84 155 89 151 157 125 156 144 161 36 37 60 23 25 53 98 110 101 43 132 119 73 68 
66 92 108 0 240 45 149 44 96 36 63 181 243 65 33 248 52 69 128 129 78 95 117 145 190 202 29 135 224 211 165 52 
196 176 148 240 0 211 101 268 166 216 287 75 27 289 257 22 276 293 142 133 192 155 143 123 60 54 233 129 30 47 87 200 
37 63 79 45 211 0 120 73 67 21 92 152 214 94 62 219 81 98 99 100 49 66 88 116 161 173 38 106 195 182 136 23 
105 85 57 149 101 120 0 177 75 125 196 42 104 198 166 109 185 202 51 42 101 64 52 32 51 63 142 38 85 72 26 109 
94 120 136 44 268 73 177 0 124 64 43 209 271 45 31 276 32 49 156 157 106 123 145 173 218 230 57 163 252 239 193 80 
52 32 34 96 166 67 75 124 0 72 143 107 169 145 113 174 132 149 54 55 48 21 43 71 116 128 89 61 150 137 91 56 
42 68 84 36 216 21 125 64 72 0 83 157 219 85 53 224 72 89 104 105 54 71 93 121 166 178 29 111 200 187 141 28 
113 139 155 63 287 92 196 43 143 83 0 228 290 32 50 295 37 36 175 176 125 142 164 192 237 249 76 182 271 258 212 99 
137 117 89 181 75 152 42 209 107 157 228 0 78 230 198 83 217 234 83 74 133 96 84 64 25 37 174 70 59 46 28 141 
199 179 151 243 27 214 104 271 169 219 290 78 0 292 260 35 279 296 145 136 195 158 146 126 63 57 236 132 33 50 90 203 
115 141 157 65 289 94 198 45 145 85 32 230 292 0 52 297 39 14 177 178 127 144 166 194 239 251 78 184 273 260 214 101 
83 109 125 33 257 62 166 31 113 53 50 198 260 52 0 265 39 56 145 146 95 112 134 162 207 219 46 152 241 228 182 69 
204 184 156 248 22 219 109 276 174 224 295 83 35 297 265 0 284 301 150 141 200 163 151 131 68 62 241 137 38 55 95 208 
102 128 144 52 276 81 185 32 132 72 37 217 279 39 39 284 0 43 164 165 114 131 153 181 226 238 65 171 260 247 201 88 
119 145 161 69 293 98 202 49 149 89 36 234 296 14 56 301 43 0 181 182 131 148 170 198 243 255 82 188 277 264 218 105 
84 64 36 128 142 99 51 156 54 104 175 83 145 177 145 150 164 181 0 31 80 43 31 47 92 104 121 37 126 113 67 88 
85 65 37 129 133 100 42 157 55 105 176 74 136 178 146 141 165 182 31 0 81 44 32 38 83 95 122 28 117 104 58 89 
34 44 60 78 192 49 101 106 48 54 125 133 195 127 95 200 114 131 80 81 0 47 69 97 142 154 71 87 176 163 117 38 
51 31 23 95 155 66 64 123 21 71 142 96 158 144 112 163 131 148 43 44 47 0 32 60 105 117 88 50 139 126 80 55 
73 53 25 117 143 88 52 145 43 93 164 84 146 166 134 151 153 170 31 32 69 32 0 48 93 105 110 38 127 114 68 77 
101 81 53 145 123 116 32 173 71 121 192 64 126 194 162 131 181 198 47 38 97 60 48 0 73 85 138 34 107 94 48 105 
146 126 98 190 60 161 51 218 116 166 237 25 63 239 207 68 226 243 92 83 142 105 93 73 0 22 183 79 44 31 37 150 
158 138 110 202 54 173 63 230 128 178 249 37 57 251 219 62 238 255 104 95 154 117 105 85 22 0 195 91 38 25 49 162 
59 85 101 29 233 38 142 57 89 29 76 174 236 78 46 241 65 82 121 122 71 88 110 138 183 195 0 128 217 204 158 45 
91 71 43 135 129 106 38 163 61 111 182 70 132 184 152 137 171 188 37 28 87 50 38 34 79 91 128 0 113 100 54 95 
180 160 132 224 30 195 85 252 150 200 271 59 33 273 241 38 260 277 126 117 176 139 127 107 44 38 217 113 0 31 71 184 
167 147 119 211 47 182 72 239 137 187 258 46 50 260 228 55 247 264 113 104 163 126 114 94 31 25 204 100 31 0 58 171 
121 101 73 165 87 136 26 193 91 141 212 28 90 214 182 95 201 218 67 58 117 80 68 48 37 49 158 54 71 58 0 125 
26 52 68 52 200 23 109 80 56 28 99 141 203 101 69 208 88 105 88 89 38 55 77 105 150 162 45 95 184 171 125 0 
0 48 64 66 196 37 105 94 52 42 113 137 199 115 83 204 102 119 84 85 34 51 73 101 146 158 59 91 180 167 121 26 
48 0 44 92 176 63 85 120 32 68 139 117 179 141 109 184 128 145 64 65 44 31 53 81 126 138 85 71 160 147 101 52 
64 44 0 108 148 79 57 136 34 84 155 89 151 157 125 156 144 161 36 37 60 23 25 53 98 110 101 43 132 119 73 68 
66 92 108 0 240 45 149 44 96 36 63 181 243 65 33 248 52 69 128 129 78 95 117 145 190 202 29 135 224 211 165 52 
196 176 148 240 0 211 101 268 166 216 287 75 27 289 257 22 276 293 142 133 192 155 143 123 60 54 233 129 30 47 87 200 
37 63 79 45 211 0 120 73 67 21 92 152 214 94 62 219 81 98 99 100 49 66 88 116 161 173 38 106 195 182 136 23 
105 85 57 149 101 120 0 177 75 125 196 42 104 198 166 109 185 202 51 42 101 64 52 32 51 63 142 38 85 72 26 109 
94 120 136 44 268 73 177 0 124 64 43 209 271 45 31 276 32 49 156 157 106 123 145 173 218 230 57 163 252 239 193 80 
52 32 34 96 166 67 75 124 0 72 143 107 169 145 113 174 132 149 54 55 48 21 43 71 116 128 89 61 150 137 91 56 
42 68 84 36 216 21 125 64 72 0 83 157 219 85 53 224 72 89 104 105 54 71 93 121 166 178 29 111 200 187 141 28 
113 139 155 63 287 92 196 43 143 83 0 228 290 32 50 295 37 36 175 176 125 142 164 192 237 249 76 182 271 258 212 99 
137 117 89 181 75 152 42 209 107 157 228 0 78 230 198 83 217 234 83 74 133 96 84 64 25 37 174 70 59 46 28 141 
199 179 151 243 27 214 104 271 169 219 290 78 0 292 260 35 279 296 145 136 195 158 146 126 63 57 236 132 33 50 90 203 
115 141 157 65 289 94 198 45 145 85 32 230 292 0 52 297 39 14 177 178 127 144 166 194 239 251 78 184 273 260 214 101 
83 109 125 33 257 62 166 31 113 53 50 198 260 52 0 265 39 56 145 146 95 112 134 162 207 219 46 152 241 228 182 69 
204 184 156 248 22 219 109 276 174 224 295 83 35 297 265 0 284 301 150 141 200 163 151 131 68 62 241 137 38 55 95 208 
102 128 144 52 276 81 185 32 132 72 37 217 279 39 39 284 0 43 164 165 114 131 153 181 226 238 65 171 260 247 201 88 
119 145 161 69 293 98 202 49 149 89 36 234 296 14 56 301 43 0 181 182 131 148 170 198 243 255 82 188 277 264 218 105 
84 64 36 128 142 99 51 156 54 104 175 83 145 177 145 150 164 181 0 31 80 43 31 47 92 104 121 37 126 113 67 88 
85 65 37 129 133 100 42 157 55 105 176 74 136 178 146 141 165 182 31 0 81 44 32 38 83 95 122 28 117 104 58 89 
34 44 60 78 192 49 101 106 48 54 125 133 195 127 95 200 114 131 80 81 0 47 69 97 142 154 71 87 176 163 117 38 
51 31 23 95 155 66 64 123 21 71 142 96 158 144 112 163 131 148 43 44 47 0 32 60 105 117 88 50 139 126 80 55 
73 53 25 117 143 88 52 145 43 93 164 84 146 166 134 151 153 170 31 32 69 32 0 48 93 105 110 38 127 114 68 77 
101 81 53 145 123 116 32 173 71 121 192 64 126 194 162 131 181 198 47 38 97 60 48 0 73 85 138 34 107 94 48 105 
146 126 98 190 60 161 51 218 116 166 237 25 63 239 207 68 226 243 92 83 142 105 93 73 0 22 183 79 44 31 37 150 
158 138 110 202 54 173 63 230 128 178 249 37 57 251 219 62 238 255 104 95 154 117 105 85 22 0 195 91 38 25 49 162 
59 85 101 29 233 38 142 57 89 29 76 174 236 78 46 241 65 82 121 122 71 88 110 138 183 195 0 128 217 204 158 45 
91 71 43 135 129 106 38 163 61 111 182 70 132 184 152 137 171 188 37 28 87 50 38 34 79 91 128 0 113 100 54 95 
180 160 132 224 30 195 85 252 150 200 271 59 33 273 241 38 260 277 126 117 176 139 127 107 44 38 217 113 0 31 71 184 
167 147 119 211 47 182 72 239 137 187 258 46 50 260 228 55 247 264 113 104 163 126 114 94 31 25 204 100 31 0 58 171 
121 101 73 165 87 136 26 193 91 141 212 28 90 214 182 95 201 218 67 58 117 80 68 48 37 49 158 54 71 58 0 125 
26 52 68 52 200 23 109 80 56 28 99 141 203 101 69 208 88 105 88 89 38 55 77 105 150 162 45 95 184 171 125 0 
