28
0 1552 844 1241 1359 893 833 1273 1521 1566 1003 1373 1210 939 1048 1282 1291 1184 1423 1190 1393 904 1092 1278 1455 888 1000 1158
1552 0 898 795 1541 1058 1420 1337 1508 1529 1219 1288 1036 944 906 1543 1250 1257 969 1524 876 883 1004 1336 811 1202 1139 1217
844 898 0 938 1155 1351 1271 1450 1136 975 1480 1020 1069 1191 1348 799 1344 1463 1021 1147 842 830 1095 945 1220 869 1309 1256
1241 795 938 0 1506 1493 976 967 1484 825 1223 1547 1074 1188 926 1157 983 1094 1068 1073 1558 979 1061 986 1187 1476 816 1386
1359 1541 1155 1506 0 1342 1366 948 957 978 1399 1142 1307 1186 1185 905 1430 1089 902 1128 1424 814 1270 1197 1303 1413 1504 1122
893 1058 1351 1493 1342 0 1242 1355 886 1243 826 1319 1292 1415 1349 1395 836 992 841 1227 835 922 1118 1232 1066 849 801 966
833 1420 1271 976 1366 1242 0 1483 1140 1478 1026 856 1127 1115 1266 1274 879 1193 1083 1205 951 1327 1045 1500 1084 1042 1044 1534
1273 1337 1450 967 948 1355 1483 0 1526 1081 1470 965 887 1215 802 1427 1313 1356 1553 1409 1204 1179 1053 952 1030 1032 953 971
1521 1508 1136 1484 957 886 1140 1526 0 1065 900 1183 1475 1345 1039 1072 1329 1460 1121 813 815 865 1464 989 827 1385 981 872
1566 1529 975 825 978 1243 1478 1081 1065 0 890 1394 1384 1247 1046 1306 1320 1194 1287 1174 1181 1391 1105 1472 1117 988 792 897
1003 1219 1480 1223 1399 826 1026 1470 900 890 0 1078 843 918 1043 1473 1441 874 901 1050 1439 1116 913 1182 1104 1293 1082 1234
1373 1288 1020 1547 1142 1319 856 965 1183 1394 1078 0 1033 1477 942 923 1452 1132 1364 1098 1301 1560 1218 1300 1530 1109 1458 1101
1210 1036 1069 1074 1307 1292 1127 887 1475 1384 843 1033 0 1416 860 1453 1276 1459 1379 870 838 785 1035 1034 868 1468 1138 1402
939 944 1191 1188 1186 1415 1115 1215 1345 1247 918 1477 1416 0 858 1258 784 891 1010 1454 909 1557 798 1255 955 991 1054 1546
1048 906 1348 926 1185 1349 1266 802 1039 1046 1043 942 860 858 0 1474 1381 929 794 920 1542 1055 1362 1015 1170 1211 1347 1100
1282 1543 799 1157 905 1395 1274 1427 1072 1306 1473 923 1453 1258 1474 0 1417 1533 1110 1177 862 980 1120 1527 861 788 924 1146
1291 1250 1344 983 1430 836 879 1313 1329 1320 1441 1452 1276 784 1381 1417 0 1196 1438 871 1151 1325 820 1252 930 935 1237 1512
1184 1257 1463 1094 1089 992 1193 1356 1460 1194 874 1132 1459 891 929 1533 1196 0 878 1090 1103 998 1388 1428 1178 1173 1498 1025
1423 969 1021 1068 902 841 1083 1553 1121 1287 901 1364 1379 1010 794 1110 1438 878 0 1150 1018 995 919 1161 1067 1334 1382 1323
1190 1524 1147 1073 1128 1227 1205 1409 813 1174 1050 1098 870 1454 920 1177 871 1090 1150 0 1376 928 963 1462 1272 1422 823 1390
1393 876 842 1558 1424 835 951 1204 815 1181 1439 1301 838 909 1542 862 1151 1103 1018 1376 0 1143 1172 1209 1398 1561 1201 1011
904 883 830 979 814 922 1327 1179 865 1391 1116 1560 785 1557 1055 980 1325 998 995 928 1143 0 1353 940 1426 1233 973 1396
1092 1004 1095 1061 1270 1118 1045 1053 1464 1105 913 1218 1035 798 1362 1120 820 1388 919 963 1172 1353 0 845 1097 1451 1559 1023
1278 1336 945 986 1197 1232 1500 952 989 1472 1182 1300 1034 1255 1015 1527 1252 1428 1161 1462 1209 940 845 0 1369 1001 1389 1129
1455 811 1220 1187 1303 1066 1084 1030 827 1117 1104 1530 868 955 1170 861 930 1178 1067 1272 1398 1426 1097 1369 0 1549 1317 805
888 1202 869 1476 1413 849 1042 1032 1385 988 1293 1109 1468 991 1211 788 935 1173 1334 1422 1561 1233 1451 1001 1549 0 850 839
1000 1139 1309 816 1504 801 1044 953 981 792 1082 1458 1138 1054 1347 924 1237 1498 1382 823 1201 973 1559 1389 1317 850 0 1539
1158 1217 1256 1386 1122 966 1534 971 872 897 1234 1101 1402 1546 1100 1146 1512 1025 1323 1390 1011 1396 1023 1129 805 839 1539 0
